0.036965
0.031242
0.029114
0.028434
0.027611
0.027466
0.027020
0.028043
0.028077
0.026368
0.027140
0.030099
0.027382
0.029343
0.027398
0.028987
0.030191
0.027007
0.028090
0.027048
0.027037
0.027753
0.030086
0.027699
0.027617
0.029297
0.028139
0.028687
0.028653
0.027807
0.027521
0.026358
0.025924
0.026729
0.023025
0.022990
0.026919
0.032710
0.031957
0.026252
0.024337
0.028156
0.025204
0.025775
0.025835
0.026176
0.025254
0.026772
0.028159
0.026001
0.035555
0.038860
0.018728
0.011818
0.011930
0.010814
0.013943
0.016252
0.014782
0.012420
0.011862
0.011949
0.012610
0.011898
0.011570
0.011871
0.012945
0.011245
0.012101
0.012012
0.011244
0.012499
0.011954
0.011679
0.013580
0.011904
0.011863
0.011410
0.012393
0.012592
0.012010
0.011251
0.011881
0.011628
0.013065
0.011619
0.012498
0.012085
0.011842
0.011064
0.012094
0.012777
0.011046
0.012161
0.012802
0.011938
0.011686
0.011438
0.011851
0.011884
