0.018608
0.020605
0.014504
0.013155
0.013763
0.013523
0.013282
0.013782
0.013380
0.013951
0.015841
0.014480
0.013707
0.013463
0.013505
0.014043
0.019730
0.040340
0.016172
0.015976
0.012706
0.012528
0.011827
0.012055
0.015473
0.015562
0.015192
0.014901
0.014904
0.014334
0.012431
0.011959
0.012315
0.012549
0.011939
0.011822
0.011624
0.011588
0.012060
0.012725
0.011768
0.011504
0.011885
0.011758
0.011744
0.011827
0.012167
0.012998
0.012354
0.013009
0.011642
0.012106
0.012173
0.012944
0.013152
0.011386
0.011569
0.012129
0.011544
0.011647
0.012557
0.011547
0.011636
0.011940
0.011968
0.011917
0.011435
0.011601
0.011793
0.011512
0.011816
0.011585
0.011774
0.011946
0.011409
0.011599
0.012015
0.014581
0.015010
0.019513
0.018278
0.015777
0.015140
0.012511
0.013983
0.015849
0.015834
0.016861
0.015199
0.015168
0.016946
0.012125
0.011850
0.011470
0.011845
0.011687
0.012143
0.011972
0.012037
0.012194
