0.055109
0.042254
0.041030
0.049626
0.020828
0.016141
0.015271
0.015717
0.015745
0.015793
0.015720
0.015489
0.016035
0.015926
0.015485
0.015450
0.015632
0.015396
0.017127
0.015500
0.030950
0.034319
0.017124
0.017638
0.016935
0.017663
0.019792
0.023057
0.019285
0.017135
0.018508
0.013601
0.013455
0.014021
0.014085
0.013410
0.013489
0.013796
0.014188
0.013357
0.013521
0.013681
0.014838
0.013838
0.013687
0.015877
0.014211
0.013724
0.014039
0.013668
0.013403
0.013741
0.014145
0.013953
0.013573
0.013909
0.013696
0.013512
0.013568
0.013398
0.013487
0.013845
0.013675
0.013560
0.013258
0.013689
0.013883
0.014091
0.013426
0.013559
0.013862
0.014456
0.013651
0.018948
0.021529
0.016353
0.016146
0.016457
0.016816
0.021166
0.020003
0.019909
0.020275
0.020445
0.013690
0.013580
0.013576
0.014039
0.013855
0.013501
0.013885
0.013526
0.013733
0.013441
0.013377
0.013379
0.013808
0.015505
0.013888
0.013299
