0.051843
0.037255
0.035603
0.043616
0.037268
0.039804
0.041618
0.037548
0.031207
0.023626
0.021296
0.018924
0.024486
0.021640
0.020328
0.020884
0.019586
0.022213
0.022687
0.023780
0.023148
0.022471
0.053993
0.050785
0.068539
0.031596
0.049500
0.023707
0.017251
0.017340
0.015197
0.018123
0.022004
0.018276
0.017670
0.016229
0.017422
0.015861
0.024544
0.016204
0.017883
0.011777
0.017144
0.012327
0.016711
0.017171
0.016991
0.016580
0.013878
0.018343
0.017109
0.013994
0.018283
0.014922
0.016085
0.015700
0.016558
0.016334
0.016278
0.015284
0.015965
0.013637
0.015035
0.015077
0.012514
0.014841
0.014991
0.014849
0.013174
0.012694
0.014934
0.015691
0.016005
0.013696
0.016093
0.015030
0.016326
0.014398
0.015626
0.017129
0.015125
0.016356
0.016187
0.014619
0.015402
0.016320
0.016474
0.014924
0.016471
0.015945
0.016845
0.015055
0.013717
0.015964
0.013647
0.015817
0.014811
0.015648
0.016914
0.016020
