0.014276
0.013392
0.013217
0.014018
0.013630
0.012248
0.011756
0.011891
0.011922
0.011735
0.010742
0.011943
0.010855
0.012286
0.012091
0.011771
0.011827
0.011756
0.011750
0.012149
0.010713
0.011851
0.011762
0.011777
0.011678
0.010549
0.011522
0.011714
0.011664
0.011600
0.011519
0.011622
0.011614
0.011629
0.011531
0.011190
0.011361
0.011458
0.011891
0.011816
0.010437
0.011788
0.011388
0.012141
0.012179
0.011889
0.011762
0.011743
0.011660
0.011523
0.011609
0.010462
0.011302
0.011150
0.010365
0.011116
0.011112
0.011189
0.011292
0.010213
0.011521
0.011626
0.011461
0.011617
0.011109
0.011445
0.011324
0.011363
0.011317
0.011272
0.011440
0.011470
0.011613
0.011430
0.011370
0.011406
0.011600
0.012029
0.011638
0.011686
0.011584
0.011453
0.011653
0.011443
0.011298
0.011243
0.011137
0.011329
0.011325
0.012482
0.011704
0.010468
0.011525
0.011440
0.011266
0.011830
0.011539
0.011631
0.011635
0.011586
