0.035438
0.031020
0.028218
0.027543
0.033308
0.041033
0.032269
0.021378
0.020285
0.019083
0.019364
0.019840
0.018338
0.018681
0.018951
0.019499
0.019181
0.019283
0.018836
0.019985
0.018103
0.020388
0.018281
0.018589
0.019824
0.018911
0.019325
0.021065
0.020177
0.020268
0.019220
0.019969
0.018727
0.018633
0.018812
0.018403
0.019451
0.019960
0.018529
0.019244
0.018652
0.020177
0.018700
0.019191
0.020075
0.018889
0.021709
0.020562
0.020104
0.019686
0.019749
0.022639
0.019430
0.019313
0.020870
0.023711
0.023251
0.023564
0.026763
0.022357
0.018089
0.020611
0.012339
0.011139
0.012461
0.014754
0.014476
0.014067
0.011768
0.012614
0.011459
0.012120
0.011450
0.011568
0.011376
0.011958
0.010914
0.010587
0.011679
0.012068
0.011054
0.012254
0.010754
0.010586
0.010942
0.011223
0.011896
0.011530
0.011574
0.011340
0.011184
0.010957
0.011316
0.012393
0.011392
0.012067
0.010416
0.010807
0.011923
0.010537
