0.017788
0.013137
0.009101
0.008280
0.008438
0.007177
0.007570
0.011129
0.011013
0.011429
0.012006
0.011045
0.007165
0.011835
0.011967
0.011559
0.007525
0.011866
0.008678
0.006994
0.011426
0.007070
0.007277
0.011970
0.011490
0.010731
0.007586
0.006983
0.010960
0.011740
0.010712
0.007630
0.011682
0.012075
0.011434
0.008683
0.012212
0.011655
0.007222
0.008822
0.007562
0.011717
0.011306
0.007639
0.010555
0.011546
0.006978
0.013448
0.007373
0.011571
0.008051
0.006986
0.011243
0.011387
0.008615
0.007010
0.010552
0.011786
0.006843
0.011653
0.011804
0.007066
0.010699
0.011138
0.008504
0.007427
0.011898
0.006958
0.011890
0.014569
0.012117
0.008163
0.008006
0.012851
0.013604
0.008016
0.011773
0.011919
0.010557
0.012771
0.010053
0.015137
0.006942
0.006933
0.007744
0.008739
0.011977
0.007396
0.007994
0.007966
0.008750
0.007758
0.008024
0.007746
0.011193
0.006828
0.011600
0.006922
0.007359
0.006944
0.014979
0.013276
0.013203
0.012239
0.011682
0.011819
0.011840
0.011899
0.011738
0.011752
0.011835
0.011686
0.010604
0.011498
0.010421
0.011641
0.011557
0.011457
0.011552
0.010893
0.011724
0.011759
0.011766
0.011814
0.012500
0.012222
0.011780
0.011919
0.011895
0.011873
0.011667
0.011555
0.011776
0.011618
0.011546
0.010702
0.011746
0.011798
0.011681
0.011426
0.012112
0.011731
0.011755
0.012412
0.011835
0.012033
0.011636
0.010523
0.011838
0.011612
0.011696
0.011922
0.010985
0.012077
0.011812
0.011683
0.011578
0.011529
0.011411
0.011349
0.011487
0.011835
0.011705
0.012826
0.011694
0.011872
0.011645
0.011343
0.012133
0.012187
0.011672
0.011768
0.012128
0.011606
0.011446
0.011468
0.010191
0.011643
0.011548
0.011500
0.011546
0.011176
0.011239
0.011000
0.011685
0.012014
0.011598
0.011499
0.011604
0.011413
0.011599
0.011730
0.012043
0.011872
0.010909
0.012351
0.012183
0.012145
0.011779
0.011684
