0.044669
0.027467
0.026388
0.026826
0.027307
0.029778
0.027697
0.027106
0.027031
0.027817
0.026541
0.026964
0.031943
0.035687
0.027504
0.030626
0.029561
0.026809
0.027960
0.028671
0.027676
0.028606
0.027401
0.027116
0.028540
0.031453
0.028064
0.031170
0.027452
0.028661
0.026945
0.029644
0.027147
0.027302
0.028677
0.028956
0.026831
0.027220
0.028528
0.027277
0.026242
0.028186
0.027922
0.029596
0.028981
0.030682
0.027729
0.026359
0.026842
0.026346
0.029869
0.027217
0.027542
0.030654
0.030228
0.029875
0.030913
0.029232
0.029080
0.029673
0.028925
0.027642
0.027423
0.025897
0.024777
0.024623
0.026403
0.024927
0.026944
0.025897
0.025119
0.025967
0.023567
0.027104
0.032076
0.024257
0.017877
0.017548
0.016961
0.019214
0.018378
0.019102
0.017424
0.016390
0.019351
0.018832
0.018283
0.019681
0.019520
0.018666
0.019196
0.017824
0.018483
0.018939
0.017478
0.018975
0.018328
0.016937
0.019960
0.018612
