0.012807
0.013535
0.008723
0.012909
0.011994
0.010553
0.011519
0.011809
0.008688
0.007150
0.011731
0.010687
0.010867
0.010691
0.007464
0.011524
0.011530
0.006998
0.012400
0.007075
0.010729
0.006891
0.006919
0.007566
0.010303
0.006621
0.007058
0.008530
0.006913
0.012143
0.007541
0.007576
0.011778
0.011768
0.011612
0.010631
0.007657
0.007075
0.010601
0.007696
0.010595
0.011998
0.010709
0.006944
0.010486
0.007705
0.007448
0.007337
0.006944
0.011009
0.008632
0.006859
0.011894
0.010563
0.011222
0.007474
0.011401
0.007533
0.008532
0.011319
0.011279
0.007574
0.011035
0.011772
0.008551
0.006929
0.007608
0.011237
0.006865
0.007585
0.007412
0.006875
0.007445
0.006945
0.010658
0.007573
0.006940
0.007624
0.007497
0.008138
0.011213
0.010642
0.007032
0.007114
0.007585
0.010619
0.009525
0.012459
0.014388
0.007534
0.007487
0.011515
0.006756
0.007543
0.011659
0.010581
0.007570
0.007840
0.008521
0.010724
