Usando OMP_THREAD_LIMIT=8 con modo 1 (OMP_NUM_THREADS)
0.299294
0.118904
0.111006
0.116208
0.111355
0.110084
0.109386
0.113884
0.129189
0.116609
0.111249
0.110596
0.122917
0.136367
0.129422
0.246811
0.126915
0.115913
0.114330
0.179262

Usando OMP_THREAD_LIMIT=8 con modo 2 (omp_set_num_threads)
0.194012
0.142487
0.134239
0.121291
0.171795
0.190218
0.145050
0.129302
0.141187
0.156895
0.114897
0.110108
0.106359
0.111043
0.109787
0.122609
0.122442
0.111490
0.109881
0.112222

Usando OMP_THREAD_LIMIT=8 con modo 3 (num_threads)
0.104627
0.105073
0.108695
0.103635
0.131809
0.145521
0.117756
0.105392
0.108900
0.104391
0.106683
0.105392
0.142429
0.123636
0.113352
0.111526
0.106576
0.103941
0.113731
0.108404

