Usando OMP_THREAD_LIMIT=4 con modo 1 (OMP_NUM_THREADS)
0.140645
0.133761
0.111888
0.111738
0.109292
0.110077
0.106965
0.107725
0.108752
0.126492
0.125821
0.108707
0.108816
0.109719
0.110074
0.109038
0.116940
0.164495
0.127647
0.118956

Usando OMP_THREAD_LIMIT=4 con modo 2 (omp_set_num_threads)
0.137905
0.107260
0.108516
0.109309
0.108802
0.129875
0.184518
0.109305
0.109697
0.109501
0.108087
0.109522
0.116681
0.129388
0.135712
0.108334
0.117485
0.108731
0.106512
0.110850

Usando OMP_THREAD_LIMIT=4 con modo 3 (num_threads)
0.107452
0.119976
0.141586
0.108378
0.108217
0.109446
0.108215
0.112345
0.110188
0.118949
0.122533
0.124541
0.108595
0.109824
0.112096
0.107090
0.108868
0.108301
0.125371
0.173305

