Forma 1: Usando OMP_NUM_THREADS (ignora el segundo argumento)
0.107271
0.108207
0.116224
0.108795
0.111646
0.116086
0.107524
0.107787
0.106435
0.104128
0.103518
0.112323
0.102132
0.110113
0.110916
0.109574
0.106465
0.126207
0.105957
0.106156
0.114080
0.116138
0.114883
0.111075
0.161758
0.107684
0.107141
0.111377
0.147897
0.168365
0.111261
0.110479
0.121339
0.110336
0.107841
0.100964
0.111122
0.101961
0.111867
0.108521
0.111810
0.116217
0.109751
0.109997
0.109977
0.106493
0.116885
0.104543
0.105719
0.108266
0.107016
0.101607
0.115012
0.110388
0.120476
0.112526
0.105001
0.102487
0.108615
0.134302
0.175291
0.102602
0.105515
0.110097
0.175627
0.110069
0.108002
0.101943
0.112867
0.107044
0.111195
0.122757
0.113312
0.101160
0.172326
0.110741
0.112885
0.110084
0.106594
0.102736
0.123557
0.106672
0.110204
0.103251
0.123074
0.104927
0.106019
0.110839
0.107805
0.109917
0.103406
0.115884
0.106083
0.108195
0.109417
0.110878
0.108468
0.102882
0.108748
0.106007

Forma 2: Usando omp_set_num_threads()
0.118233
0.105993
0.117990
0.103039
0.122287
0.114501
0.112614
0.109338
0.109283
0.100976
0.120782
0.113441
0.114733
0.109650
0.107163
0.112071
0.109144
0.107342
0.110468
0.112497
0.102224
0.112865
0.107325
0.118343
0.105377
0.110510
0.107729
0.100943
0.102036
0.103958
0.117812
0.110229
0.107114
0.108021
0.105058
0.105436
0.101925
0.107757
0.107450
0.110384
0.112804
0.113264
0.105604
0.152277
0.105041
0.116234
0.107380
0.110231
0.105371
0.112707
0.113290
0.111156
0.104098
0.106719
0.109956
0.103527
0.103043
0.100241
0.137605
0.107933
0.105056
0.106105
0.108931
0.110467
0.119739
0.107823
0.106753
0.114707
0.139147
0.132491
0.107471
0.114511
0.109221
0.113608
0.104587
0.110793
0.104969
0.106326
0.117131
0.102521
0.108228
0.107803
0.109074
0.106330
0.109817
0.110560
0.108099
0.107646
0.108165
0.108593
0.103891
0.101453
0.099983
0.104158
0.102321
0.100711
0.098889
0.106366
0.101184
0.102627

Forma 3: Usando num_threads()
0.101319
0.104132
0.104146
0.107341
0.105341
0.108842
0.109770
0.106425
0.111578
0.106118
0.106709
0.115145
0.117710
0.109746
0.116016
0.107968
0.101273
0.102788
0.105342
0.101318
0.105115
0.106246
0.110793
0.110370
0.111429
0.123881
0.122510
0.112841
0.110817
0.118264
0.112565
0.110269
0.108403
0.116304
0.113219
0.110791
0.117517
0.110487
0.111711
0.104898
0.106886
0.116172
0.122281
0.105442
0.109937
0.114299
0.109929
0.116867
0.107874
0.111799
0.107529
0.105314
0.101765
0.100899
0.110567
0.114267
0.111879
0.108899
0.106687
0.112208
0.111508
0.113494
0.103751
0.105382
0.120141
0.110265
0.103277
0.102028
0.100558
0.106717
0.103523
0.099934
0.100089
0.104014
0.099464
0.102632
0.106914
0.106049
0.105525
0.121028
0.102102
0.106123
0.109021
0.116640
0.106729
0.108984
0.104787
0.107546
0.107014
0.117773
0.109202
0.108882
0.108688
0.112446
0.111114
0.106555
0.117814
0.114064
0.119906
0.122832

