Forma 1: Usando OMP_NUM_THREADS (ignora el segundo argumento)
0.118158
0.105144
0.113313
0.096045
0.104172
0.106507
0.107600
0.108363
0.111328
0.108074
0.113482
0.112146
0.108092
0.111415
0.106613
0.109859
0.105729
0.104940
0.120286
0.107964
0.108918
0.105074
0.110666
0.107776
0.105200
0.104651
0.107926
0.108197
0.106757
0.110838
0.106876
0.109430
0.106937
0.105099
0.107952
0.109812
0.109794
0.098059
0.111316
0.108251
0.105610
0.109220
0.102431
0.108031
0.106092
0.116677
0.107712
0.118596
0.107451
0.110576
0.104830
0.105388
0.105184
0.103132
0.107314
0.100534
0.097800
0.106703
0.095415
0.108885
0.110091
0.114223
0.106857
0.109536
0.107503
0.106639
0.107730
0.106698
0.108294
0.100201
0.110062
0.107475
0.108476
0.103191
0.103291
0.101045
0.104675
0.100106
0.098522
0.103698
0.104976
0.106942
0.101224
0.113660
0.177123
0.110131
0.110992
0.108353
0.135452
0.198207
0.104333
0.104300
0.105901
0.103438
0.190095
0.124643
0.116902
0.112043
0.102803
0.146958

Forma 2: Usando omp_set_num_threads()
0.124924
0.107384
0.104194
0.100761
0.105236
0.111228
0.172390
0.113776
0.103122
0.107461
0.119366
0.110362
0.105016
0.106422
0.108504
0.103102
0.106922
0.107751
0.142310
0.173837
0.119762
0.122294
0.114013
0.119810
0.116421
0.112547
0.118303
0.113363
0.113455
0.113976
0.109547
0.112143
0.139124
0.154859
0.138072
0.127199
0.136852
0.112481
0.112375
0.111263
0.116182
0.125066
0.117999
0.110266
0.126481
0.112394
0.110101
0.140791
0.111143
0.109189
0.118480
0.127609
0.124681
0.130505
0.136429
0.141363
0.151724
0.125775
0.126124
0.127276
0.144532
0.139723
0.140925
0.122683
0.120044
0.136920
0.137412
0.151602
0.130152
0.146075
0.159470
0.140811
0.143398
0.128620
0.115749
0.122081
0.144562
0.111620
0.123426
0.132597
0.141741
0.137577
0.129282
0.157080
0.133724
0.122598
0.143381
0.117647
0.133753
0.116924
0.113952
0.120163
0.134920
0.126797
0.118052
0.105279
0.103799
0.111145
0.117665
0.106112

Forma 3: Usando num_threads()
0.110864
0.113241
0.119823
0.112900
0.109587
0.105198
0.121274
0.115651
0.111259
0.120909
0.114792
0.108281
0.112011
0.106688
0.105499
0.127411
0.111729
0.110104
0.119116
0.152053
0.112786
0.102136
0.116838
0.114686
0.101505
0.116595
0.115254
0.108882
0.117506
0.109180
0.106520
0.108679
0.116634
0.109676
0.129542
0.110012
0.140847
0.166083
0.120680
0.129245
0.110288
0.119859
0.118383
0.109119
0.133823
0.115187
0.138669
0.120562
0.127935
0.118534
0.125133
0.120977
0.115415
0.107812
0.113558
0.116394
0.111181
0.108094
0.108553
0.112211
0.123175
0.108871
0.112096
0.131050
0.109458
0.108278
0.126793
0.121401
0.114900
0.140830
0.149478
0.120091
0.125646
0.111566
0.132582
0.115995
0.113624
0.110129
0.113538
0.109195
0.122059
0.139560
0.129970
0.107514
0.124170
0.103925
0.116532
0.124185
0.109421
0.108901
0.107877
0.110629
0.128416
0.101904
0.105232
0.105414
0.101464
0.107654
0.124789
0.118870

