Forma 1: Usando OMP_NUM_THREADS (ignora el segundo argumento)
0.394753
0.418637
0.387150
0.421096
0.386571
0.404913
0.411271
0.410153
0.408856
0.402440
0.412842
0.401330
0.399801
0.401382
0.391297
0.403407
0.397806
0.410751
0.413614
0.414877
0.417172
0.409442
0.414357
0.402205
0.410859
0.408912
0.400138
0.408207
0.399066
0.399911
0.397571
0.409342
0.401286
0.396631
0.399518
0.411223
0.410206
0.401058
0.385261
0.396134
0.396062
0.391858
0.380950
0.398240
0.388169
0.385915
0.382732
0.398299
0.386606
0.393928
0.397682
0.392671
0.399281
0.402145
0.388394
0.394487
0.388914
0.401548
0.396468
0.406719
0.396387
0.395858
0.399369
0.394723
0.390671
0.398224
0.394883
0.396721
0.412740
0.417233
0.405833
0.404535
0.412590
0.396168
0.414969
0.400568
0.403340
0.407867
0.396389
0.395730
0.400179
0.401100
0.400009
0.390508
0.396721
0.399626
0.397944
0.398292
0.397070
0.399267
0.397158
0.394338
0.406865
0.412114
0.400267
0.384487
0.389688
0.396310
0.385274
0.401660

Forma 2: Usando omp_set_num_threads()
0.400154
0.390946
0.403615
0.391673
0.403603
0.384915
0.411273
0.404757
0.389026
0.403041
0.405658
0.401871
0.401410
0.387212
0.375301
0.368185
0.379734
0.398490
0.399644
0.411804
0.404341
0.394481
0.411548
0.388600
0.407255
0.386870
0.399431
0.407129
0.398959
0.403787
0.401699
0.398717
0.403641
0.390267
0.376590
0.370332
0.364860
0.372549
0.370166
0.380483
0.376981
0.381004
0.396430
0.405628
0.410742
0.406804
0.395658
0.388490
0.373917
0.396426
0.391703
0.388113
0.397594
0.387098
0.401502
0.394680
0.388263
0.407916
0.393024
0.401325
0.396770
0.385377
0.380906
0.379331
0.371774
0.370263
0.370771
0.371884
0.361567
0.365643
0.361243
0.353347
0.357915
0.362055
0.357938
0.355377
0.356951
0.356764
0.357713
0.357668
0.370653
0.356651
0.355387
0.357705
0.353699
0.360215
0.355901
0.355478
0.354988
0.357478
0.360115
0.357476
0.354456
0.357612
0.358510
0.367128
0.371888
0.382178
0.372029
0.379588

Forma 3: Usando num_threads()
0.384417
0.381729
0.384122
0.392877
0.380450
0.398164
0.395829
0.394076
0.402119
0.387338
0.387870
0.390268
0.372174
0.368583
0.367277
0.377946
0.383343
0.370801
0.394471
0.388671
0.383823
0.404820
0.415422
0.415683
0.402725
0.409019
0.409079
0.401207
0.412557
0.395981
0.398759
0.399215
0.397718
0.401160
0.400761
0.401219
0.401281
0.398578
0.400292
0.397012
0.401752
0.399710
0.392544
0.382463
0.374359
0.379145
0.405374
0.400797
0.416212
0.402629
0.410044
0.397825
0.404117
0.420999
0.391968
0.387233
0.380169
0.380829
0.373580
0.385748
0.374267
0.380444
0.370853
0.391906
0.387701
0.387315
0.391477
0.386273
0.399461
0.390815
0.393073
0.403481
0.392831
0.381075
0.373033
0.368413
0.369131
0.367459
0.366444
0.366958
0.357428
0.361499
0.359549
0.351833
0.357924
0.357213
0.362109
0.353763
0.363375
0.356546
0.357833
0.359495
0.364990
0.358628
0.359457
0.357534
0.355283
0.353874
0.358621
0.362024

