Forma 1: Usando OMP_NUM_THREADS (ignora el segundo argumento)
0.110014
0.115291
0.103724
0.106978
0.131221
0.131291
0.107623
0.114208
0.109598
0.113287
0.114371
0.115720
0.128537
0.117975
0.113068
0.106466
0.111590
0.131919
0.116898
0.127685
0.110534
0.103521
0.102134
0.106325
0.109552
0.118528
0.112945
0.105365
0.108867
0.122312
0.113856
0.110745
0.126452
0.110647
0.118499
0.114803
0.104281
0.121242
0.119286
0.104916
0.105773
0.113136
0.114640
0.114527
0.115961
0.107048
0.103697
0.104223
0.105477
0.107501
0.117563
0.119597
0.109385
0.142821
0.118205
0.115568
0.113748
0.111167
0.109653
0.103662
0.111550
0.103076
0.102339
0.099351
0.107184
0.105009
0.109746
0.107751
0.106827
0.104875
0.106749
0.105232
0.104053
0.104924
0.111102
0.109796
0.104562
0.106591
0.113384
0.115423
0.115067
0.115805
0.107054
0.109226
0.104148
0.104874
0.102780
0.102501
0.100944
0.113738
0.107052
0.099135
0.102171
0.103594
0.099969
0.100018
0.101121
0.100100
0.103777
0.101888

Forma 2: Usando omp_set_num_threads()
0.099436
0.103609
0.100707
0.106113
0.109414
0.104571
0.105467
0.099188
0.098315
0.099106
0.099840
0.099948
0.100993
0.098018
0.101420
0.103239
0.101463
0.107842
0.101702
0.104477
0.103925
0.099814
0.100833
0.112612
0.106331
0.100176
0.100715
0.101441
0.101937
0.100808
0.099055
0.103226
0.102086
0.099506
0.104961
0.099885
0.101793
0.099772
0.102626
0.098298
0.100042
0.101733
0.103743
0.104381
0.100245
0.101008
0.099390
0.101370
0.100641
0.098374
0.101522
0.097475
0.100475
0.100022
0.101529
0.098127
0.100471
0.104612
0.098933
0.097961
0.099434
0.098510
0.107750
0.102559
0.100975
0.098910
0.097743
0.099234
0.099403
0.102490
0.105553
0.101964
0.103403
0.099926
0.097488
0.098951
0.099302
0.099918
0.098090
0.101624
0.098670
0.107825
0.098038
0.101131
0.097975
0.100186
0.099961
0.100567
0.103747
0.102539
0.099119
0.100406
0.100783
0.105996
0.120741
0.118801
0.121696
0.102916
0.105215
0.112880

Forma 3: Usando num_threads()
0.112067
0.106833
0.107963
0.101325
0.106657
0.100965
0.106374
0.110775
0.108930
0.106849
0.105863
0.109293
0.114838
0.113239
0.112842
0.110875
0.108334
0.119800
0.122743
0.121351
0.120461
0.111887
0.110839
0.109253
0.109341
0.107068
0.109054
0.104807
0.103611
0.103953
0.107713
0.106393
0.117381
0.113811
0.114910
0.115085
0.108761
0.108269
0.106183
0.104741
0.101891
0.100839
0.101652
0.103070
0.104785
0.102378
0.103167
0.103218
0.102451
0.099397
0.104537
0.101812
0.109590
0.112396
0.106509
0.103027
0.100792
0.101992
0.100916
0.100967
0.098923
0.102362
0.101016
0.101106
0.106036
0.106398
0.100079
0.098192
0.103276
0.100692
0.099345
0.101892
0.111558
0.100164
0.100490
0.099829
0.098714
0.100427
0.102093
0.097679
0.100880
0.097254
0.106367
0.099924
0.101330
0.099104
0.098748
0.098041
0.099033
0.098831
0.098933
0.102473
0.103344
0.102038
0.098795
0.105535
0.113183
0.119369
0.118786
0.115926

