Forma 1: Usando OMP_NUM_THREADS (ignora el segundo argumento)
0.112596
0.112125
0.109784
0.111473
0.111702
0.111591
0.109900
0.114348
0.110465
0.114541
0.109838
0.109558
0.110085
0.111633
0.110493
0.110258
0.110184
0.111026
0.110056
0.109859
0.121346
0.112327
0.110941
0.108393
0.113741
0.107383
0.109148
0.106301
0.109728
0.107138
0.106326
0.109808
0.108460
0.109654
0.107883
0.106744
0.108541
0.105602
0.106913
0.108070
0.107873
0.107758
0.112880
0.106957
0.107759
0.107021
0.106196
0.103781
0.105604
0.108947
0.108720
0.106952
0.106979
0.104860
0.104624
0.109175
0.106788
0.108434
0.108316
0.107385
0.111988
0.107815
0.106916
0.108469
0.108733
0.106587
0.108331
0.105741
0.108606
0.104944
0.103930
0.103995
0.108706
0.108565
0.109557
0.109094
0.107159
0.105507
0.106229
0.107332
0.106981
0.108051
0.106043
0.105336
0.104323
0.108367
0.108077
0.107547
0.105017
0.107854
0.102834
0.106915
0.106169
0.112765
0.107272
0.105213
0.105669
0.107061
0.103582
0.107309

Forma 2: Usando omp_set_num_threads()
0.104664
0.103915
0.108026
0.103662
0.108849
0.109248
0.107847
0.108199
0.106027
0.103884
0.108435
0.106019
0.104401
0.104266
0.109907
0.104780
0.111120
0.107162
0.108002
0.104767
0.108835
0.104751
0.107972
0.107211
0.108055
0.102449
0.104088
0.107330
0.108871
0.103671
0.105395
0.104588
0.114653
0.105828
0.106903
0.104637
0.108276
0.107411
0.104046
0.108996
0.107090
0.107997
0.108283
0.104660
0.107424
0.107314
0.108481
0.108337
0.105174
0.108978
0.107468
0.105858
0.109332
0.107672
0.106919
0.108934
0.104820
0.110800
0.107731
0.106276
0.107485
0.106402
0.108178
0.108824
0.104905
0.109045
0.108816
0.108801
0.103870
0.108722
0.108013
0.104460
0.107269
0.107087
0.110135
0.111713
0.103768
0.103729
0.108139
0.107210
0.104439
0.109544
0.107901
0.108798
0.105012
0.109678
0.108674
0.108471
0.103386
0.107107
0.105937
0.108742
0.104698
0.108119
0.108543
0.110286
0.108792
0.105017
0.104342
0.104343

Forma 3: Usando num_threads()
0.108372
0.107258
0.104793
0.112355
0.107980
0.107787
0.107243
0.102911
0.106410
0.108452
0.109560
0.104661
0.109578
0.107838
0.102877
0.104930
0.108932
0.105438
0.108063
0.105044
0.103220
0.112351
0.107958
0.107146
0.108438
0.104242
0.115263
0.103919
0.106670
0.111558
0.109486
0.109688
0.104148
0.105905
0.109024
0.109080
0.107776
0.107689
0.111350
0.119205
0.109682
0.111721
0.109250
0.111167
0.110189
0.112039
0.107892
0.109309
0.109232
0.107166
0.108580
0.109291
0.109211
0.108742
0.111322
0.107658
0.107209
0.110695
0.107093
0.109529
0.109576
0.109266
0.108757
0.108965
0.108598
0.110014
0.109032
0.109081
0.107967
0.109057
0.111794
0.110635
0.108875
0.110410
0.114904
0.109383
0.108144
0.110547
0.111291
0.110072
0.109760
0.108507
0.109726
0.109444
0.109635
0.109508
0.110501
0.110248
0.113443
0.110553
0.110120
0.111178
0.113833
0.109290
0.109307
0.110920
0.111494
0.110333
0.110681
0.110247

