Forma 1: Usando OMP_NUM_THREADS (ignora el segundo argumento)
0.108262
0.102270
0.100250
0.106008
0.104208
0.102858
0.105871
0.106064
0.105501
0.104486
0.103512
0.102071
0.106020
0.103713
0.106909
0.101980
0.102577
0.103679
0.104629
0.105196
0.102310
0.106356
0.105554
0.105992
0.100253
0.102711
0.105549
0.103919
0.105357
0.105945
0.106499
0.101295
0.106083
0.113845
0.102848
0.103831
0.104695
0.104720
0.102606
0.106627
0.105400
0.099834
0.105521
0.100556
0.103879
0.107057
0.104594
0.104986
0.102978
0.100290
0.103416
0.101296
0.106507
0.104609
0.108806
0.102944
0.119903
0.108776
0.104148
0.102675
0.101856
0.102357
0.102688
0.106520
0.104504
0.104335
0.105131
0.102964
0.107025
0.103378
0.110394
0.102780
0.101445
0.105172
0.106306
0.104465
0.103226
0.102480
0.103562
0.104133
0.101087
0.107022
0.101491
0.105081
0.100221
0.102806
0.103667
0.101002
0.106499
0.106835
0.108179
0.102045
0.101627
0.102553
0.102358
0.108933
0.104465
0.104960
0.105166
0.106189

Forma 2: Usando omp_set_num_threads()
0.104002
0.106211
0.103979
0.104521
0.102161
0.105040
0.101846
0.107493
0.104964
0.104862
0.105767
0.105536
0.100704
0.105502
0.103760
0.104082
0.105466
0.103570
0.101263
0.102786
0.103450
0.103177
0.101666
0.108171
0.103222
0.103789
0.117139
0.103776
0.100983
0.102231
0.101987
0.102062
0.103281
0.101928
0.099883
0.104092
0.104775
0.104618
0.105903
0.105513
0.102367
0.103135
0.105319
0.101988
0.102907
0.109011
0.104689
0.104490
0.102295
0.102737
0.101377
0.104276
0.104093
0.103818
0.101364
0.104431
0.103307
0.105684
0.104001
0.100327
0.100419
0.104817
0.101676
0.113013
0.100556
0.104251
0.107502
0.103145
0.100559
0.100862
0.104839
0.100612
0.105161
0.107121
0.103076
0.101528
0.100086
0.103175
0.101557
0.103130
0.104608
0.101472
0.109541
0.106756
0.104955
0.108316
0.108629
0.105725
0.104814
0.102348
0.104368
0.107474
0.108473
0.110504
0.110844
0.108639
0.106591
0.107088
0.107759
0.107539

Forma 3: Usando num_threads()
0.113052
0.108363
0.107425
0.108271
0.107739
0.107021
0.107054
0.105064
0.107908
0.108476
0.108306
0.110288
0.108837
0.107982
0.107873
0.107534
0.107449
0.109577
0.112645
0.107966
0.108102
0.109644
0.107521
0.108565
0.107839
0.110355
0.109296
0.108267
0.108228
0.108676
0.109057
0.107734
0.108056
0.107913
0.108866
0.108537
0.112374
0.108768
0.108434
0.108894
0.107530
0.109852
0.107678
0.109739
0.108840
0.106677
0.107461
0.107212
0.107293
0.104247
0.103564
0.105243
0.105287
0.109027
0.111563
0.107124
0.107728
0.107782
0.107055
0.106817
0.106355
0.114492
0.107679
0.108422
0.107690
0.107957
0.107531
0.106121
0.106590
0.106324
0.109650
0.108174
0.113118
0.108475
0.109198
0.111561
0.110190
0.107968
0.108788
0.109160
0.108223
0.108156
0.111762
0.109246
0.129113
0.112937
0.107984
0.108646
0.111039
0.112270
0.108144
0.108452
0.108140
0.107528
0.106856
0.106493
0.111400
0.107914
0.108217
0.107996

