Forma 1: Usando OMP_NUM_THREADS (ignora el segundo argumento)
0.111624
0.106701
0.105433
0.112257
0.113313
0.112835
0.112759
0.112185
0.105064
0.112804
0.105329
0.100719
0.102341
0.101918
0.099213
0.100340
0.100841
0.113082
0.119245
0.117992
0.116706
0.103484
0.105271
0.103540
0.103730
0.126107
0.122356
0.133082
0.113768
0.104399
0.107770
0.102154
0.100838
0.111804
0.116217
0.124815
0.131159
0.126005
0.120575
0.110852
0.113513
0.114128
0.114192
0.120906
0.121279
0.113885
0.113000
0.109313
0.106758
0.109436
0.108100
0.102582
0.101723
0.113069
0.120286
0.116371
0.117703
0.117938
0.127733
0.134780
0.129525
0.117668
0.114306
0.108915
0.154963
0.212268
0.129288
0.111247
0.108052
0.108781
0.110603
0.110300
0.108573
0.107937
0.109118
0.109894
0.111357
0.109328
0.108982
0.109834
0.144418
0.127982
0.115656
0.114221
0.112836
0.111987
0.113608
0.118392
0.112595
0.111956
0.113511
0.112904
0.108493
0.110805
0.105277
0.103955
0.105926
0.105582
0.105744
0.104572

Forma 2: Usando omp_set_num_threads()
0.102228
0.103354
0.101950
0.100842
0.103797
0.102201
0.106680
0.104768
0.106262
0.105363
0.106255
0.105708
0.110209
0.105268
0.104854
0.102788
0.103213
0.104097
0.105219
0.106355
0.104658
0.105218
0.107567
0.107917
0.107363
0.105716
0.107624
0.105857
0.106948
0.105640
0.110161
0.106161
0.106626
0.106869
0.107251
0.108181
0.106828
0.108286
0.106615
0.106457
0.108803
0.104237
0.106309
0.105288
0.113355
0.106950
0.108539
0.106962
0.110079
0.102914
0.105525
0.105505
0.104399
0.106466
0.104840
0.105976
0.104542
0.105618
0.104271
0.103157
0.104770
0.102689
0.106990
0.103978
0.105946
0.105265
0.104744
0.109481
0.109480
0.124204
0.104140
0.107611
0.106912
0.107387
0.105989
0.106553
0.105461
0.106565
0.104937
0.106154
0.107489
0.106665
0.107213
0.106971
0.105935
0.110741
0.103978
0.107388
0.106606
0.106413
0.106258
0.107123
0.106110
0.108299
0.104400
0.108102
0.106217
0.105544
0.107710
0.107217

Forma 3: Usando num_threads()
0.107106
0.105750
0.106600
0.110331
0.107433
0.105689
0.106672
0.108790
0.106423
0.107591
0.106620
0.109352
0.108696
0.107503
0.106044
0.108046
0.107760
0.109560
0.107416
0.105613
0.106310
0.109724
0.107533
0.107140
0.106140
0.107896
0.107071
0.106611
0.106667
0.106364
0.104863
0.106162
0.104712
0.105752
0.103137
0.105047
0.103646
0.100679
0.131317
0.113063
0.099223
0.101248
0.103777
0.104837
0.104825
0.100469
0.103581
0.099871
0.101340
0.103421
0.102525
0.103929
0.100850
0.120999
0.107249
0.102739
0.101603
0.100353
0.104901
0.101916
0.102422
0.099366
0.101188
0.101198
0.101182
0.098776
0.101813
0.102981
0.099825
0.101365
0.102755
0.104111
0.098901
0.099688
0.099366
0.099620
0.098570
0.107379
0.098747
0.100573
0.108693
0.104004
0.100847
0.100070
0.101096
0.101790
0.100164
0.098950
0.099329
0.100828
0.101868
0.101732
0.109152
0.098390
0.101172
0.098669
0.106108
0.100447
0.103151
0.100125

