Forma 1: Usando OMP_NUM_THREADS (ignora el segundo argumento)
0.186551
0.188233
0.188744
0.189157
0.187143
0.189323
0.187822
0.190291
0.188517
0.185453
0.193167
0.191733
0.191558
0.190838
0.191789
0.190418
0.189007
0.189793
0.189725
0.187160
0.194631
0.190766
0.190723
0.192129
0.190315
0.192195
0.191117
0.192278
0.193578
0.192967
0.190422
0.199654
0.198671
0.193010
0.189495
0.191306
0.193004
0.197905
0.197178
0.195613
0.192253
0.200574
0.208843
0.208373
0.202023
0.201447
0.203392
0.207744
0.208424
0.204249
0.203567
0.209120
0.208578
0.209150
0.206884
0.208706
0.208773
0.208136
0.208638
0.201989
0.209077
0.208928
0.207912
0.207583
0.209150
0.208425
0.207734
0.209026
0.186661
0.195226
0.208559
0.208275
0.202680
0.207062
0.208670
0.208626
0.208390
0.208531
0.192779
0.209068
0.209096
0.208081
0.208117
0.203609
0.209151
0.208526
0.208698
0.206902
0.171093
0.197369
0.203294
0.201378
0.195847
0.198375
0.205646
0.205749
0.208338
0.207629
0.202404
0.208846

Forma 2: Usando omp_set_num_threads()
0.207992
0.208483
0.208124
0.209107
0.207985
0.208166
0.199862
0.196287
0.199813
0.196072
0.199134
0.194563
0.193726
0.194398
0.194195
0.193560
0.193062
0.193301
0.189081
0.196218
0.194027
0.192768
0.194803
0.193112
0.193249
0.194804
0.192990
0.194147
0.189107
0.193524
0.192890
0.194607
0.193626
0.195877
0.193409
0.189743
0.193477
0.193372
0.189023
0.193019
0.193250
0.193100
0.193163
0.193238
0.198545
0.194894
0.193129
0.192959
0.189130
0.195018
0.193987
0.193806
0.192172
0.193735
0.192628
0.193546
0.192790
0.190369
0.191299
0.194158
0.192017
0.193487
0.192397
0.193253
0.193823
0.192563
0.196822
0.194012
0.192946
0.188693
0.192869
0.193080
0.187190
0.192143
0.195191
0.194077
0.192281
0.192611
0.195893
0.189979
0.193905
0.192913
0.192639
0.192945
0.192666
0.194244
0.191212
0.193230
0.193945
0.189488
0.192664
0.193472
0.190585
0.192738
0.193771
0.187657
0.193563
0.192962
0.194543
0.192441

Forma 3: Usando num_threads()
0.188395
0.191608
0.192202
0.194110
0.192687
0.192516
0.192838
0.192316
0.193400
0.192230
0.189041
0.194531
0.193442
0.192203
0.194443
0.191743
0.193525
0.193012
0.192026
0.192647
0.189536
0.193288
0.192588
0.193045
0.193787
0.191957
0.194783
0.199362
0.199405
0.193972
0.195447
0.200130
0.199971
0.198478
0.199170
0.197633
0.196366
0.195650
0.194213
0.194127
0.196194
0.200578
0.200973
0.199595
0.202465
0.197818
0.200956
0.189798
0.188285
0.195741
0.173256
0.170326
0.186163
0.236355
0.202927
0.183982
0.185282
0.195946
0.200764
0.192597
0.187959
0.189596
0.195405
0.172123
0.184298
0.177978
0.178634
0.193969
0.184289
0.189193
0.183399
0.185534
0.184968
0.172316
0.195433
0.186711
0.187641
0.200562
0.176950
0.237484
0.278951
0.199264
0.250729
0.183233
0.169199
0.182295
0.208939
0.283650
0.185757
0.185126
0.188376
0.167966
0.181210
0.187832
0.184098
0.193612
0.180889
0.214197
0.196322
0.193298

